(kicad_pcb (version 20171130) (host pcbnew 5.1.0-060a0da~80~ubuntu18.04.1)

  (general
    (thickness 1.6)
    (drawings 32)
    (tracks 426)
    (zones 0)
    (modules 81)
    (nets 48)
  )

  (page A4)
  (title_block
    (title "PICDIV 10MHz to 1PPS frequency divider")
    (rev 2018-07)
    (company "anders.e.e.wallin \"at\" gmail.com")
    (comment 1 "2018-09-12 add MCLR diode")
  )

  (layers
    (0 F.Cu signal)
    (31 B.Cu signal)
    (32 B.Adhes user)
    (33 F.Adhes user)
    (34 B.Paste user)
    (35 F.Paste user)
    (36 B.SilkS user)
    (37 F.SilkS user)
    (38 B.Mask user)
    (39 F.Mask user hide)
    (40 Dwgs.User user)
    (41 Cmts.User user)
    (42 Eco1.User user)
    (43 Eco2.User user)
    (44 Edge.Cuts user)
    (45 Margin user)
    (46 B.CrtYd user)
    (47 F.CrtYd user hide)
    (48 B.Fab user)
    (49 F.Fab user hide)
  )

  (setup
    (last_trace_width 0.4)
    (trace_clearance 0.2)
    (zone_clearance 0.508)
    (zone_45_only no)
    (trace_min 0.2)
    (via_size 0.7)
    (via_drill 0.4)
    (via_min_size 0.4)
    (via_min_drill 0.3)
    (uvia_size 0.3)
    (uvia_drill 0.1)
    (uvias_allowed no)
    (uvia_min_size 0.2)
    (uvia_min_drill 0.1)
    (edge_width 0.15)
    (segment_width 0.2)
    (pcb_text_width 0.3)
    (pcb_text_size 1.5 1.5)
    (mod_edge_width 0.15)
    (mod_text_size 1 1)
    (mod_text_width 0.15)
    (pad_size 2.24 2.24)
    (pad_drill 1.5)
    (pad_to_mask_clearance 0.2)
    (solder_mask_min_width 0.25)
    (aux_axis_origin 0 0)
    (visible_elements 7FFFFFFF)
    (pcbplotparams
      (layerselection 0x010e0_ffffffff)
      (usegerberextensions false)
      (usegerberattributes false)
      (usegerberadvancedattributes false)
      (creategerberjobfile false)
      (excludeedgelayer true)
      (linewidth 0.100000)
      (plotframeref false)
      (viasonmask false)
      (mode 1)
      (useauxorigin false)
      (hpglpennumber 1)
      (hpglpenspeed 20)
      (hpglpendiameter 15.000000)
      (psnegative false)
      (psa4output false)
      (plotreference true)
      (plotvalue true)
      (plotinvisibletext false)
      (padsonsilk false)
      (subtractmaskfromsilk false)
      (outputformat 1)
      (mirror false)
      (drillshape 0)
      (scaleselection 1)
      (outputdirectory "cam2018.09"))
  )

  (net 0 "")
  (net 1 "Net-(C1-Pad1)")
  (net 2 "Net-(C1-Pad2)")
  (net 3 "Net-(C2-Pad1)")
  (net 4 "Net-(C2-Pad2)")
  (net 5 MCLR)
  (net 6 GND)
  (net 7 "Net-(C4-Pad1)")
  (net 8 +6V)
  (net 9 PPS)
  (net 10 "Net-(D3-Pad1)")
  (net 11 "Net-(D4-Pad2)")
  (net 12 "Net-(D4-Pad1)")
  (net 13 PGD)
  (net 14 PGC)
  (net 15 "Net-(L1-Pad2)")
  (net 16 CLK)
  (net 17 "Net-(R10-Pad2)")
  (net 18 "Net-(R11-Pad2)")
  (net 19 "Net-(R15-Pad1)")
  (net 20 "Net-(U6-Pad3)")
  (net 21 "Net-(U6-Pad6)")
  (net 22 "Net-(U6-Pad8)")
  (net 23 "Net-(U6-Pad9)")
  (net 24 "Net-(C13-Pad1)")
  (net 25 "Net-(C3-Pad1)")
  (net 26 3V3_PIC)
  (net 27 3V3_OUT)
  (net 28 "Net-(D101-Pad1)")
  (net 29 "Net-(D102-Pad1)")
  (net 30 LDO_IN)
  (net 31 /U6_3V3)
  (net 32 "Net-(U105-Pad9)")
  (net 33 "Net-(U105-Pad8)")
  (net 34 "Net-(U105-Pad6)")
  (net 35 "Net-(U105-Pad3)")
  (net 36 "Net-(J105-Pad6)")
  (net 37 /w2)
  (net 38 /w4)
  (net 39 /w5)
  (net 40 /w3)
  (net 41 /w1)
  (net 42 /sync)
  (net 43 /B)
  (net 44 /A)
  (net 45 /PPS_B)
  (net 46 /PPS_A)
  (net 47 /U105_3V3)

  (net_class Default "This is the default net class."
    (clearance 0.2)
    (trace_width 0.4)
    (via_dia 0.7)
    (via_drill 0.4)
    (uvia_dia 0.3)
    (uvia_drill 0.1)
    (add_net +6V)
    (add_net /A)
    (add_net /B)
    (add_net /PPS_A)
    (add_net /PPS_B)
    (add_net /U105_3V3)
    (add_net /U6_3V3)
    (add_net /sync)
    (add_net 3V3_OUT)
    (add_net 3V3_PIC)
    (add_net CLK)
    (add_net GND)
    (add_net MCLR)
    (add_net "Net-(C1-Pad1)")
    (add_net "Net-(C1-Pad2)")
    (add_net "Net-(C13-Pad1)")
    (add_net "Net-(C2-Pad1)")
    (add_net "Net-(C2-Pad2)")
    (add_net "Net-(C3-Pad1)")
    (add_net "Net-(C4-Pad1)")
    (add_net "Net-(D101-Pad1)")
    (add_net "Net-(D102-Pad1)")
    (add_net "Net-(D3-Pad1)")
    (add_net "Net-(D4-Pad1)")
    (add_net "Net-(D4-Pad2)")
    (add_net "Net-(J105-Pad6)")
    (add_net "Net-(L1-Pad2)")
    (add_net "Net-(R10-Pad2)")
    (add_net "Net-(R11-Pad2)")
    (add_net "Net-(R15-Pad1)")
    (add_net "Net-(U105-Pad3)")
    (add_net "Net-(U105-Pad6)")
    (add_net "Net-(U105-Pad8)")
    (add_net "Net-(U105-Pad9)")
    (add_net "Net-(U6-Pad3)")
    (add_net "Net-(U6-Pad6)")
    (add_net "Net-(U6-Pad8)")
    (add_net "Net-(U6-Pad9)")
    (add_net PGC)
    (add_net PGD)
    (add_net PPS)
  )

  (net_class wide ""
    (clearance 0.2)
    (trace_width 1)
    (via_dia 1.2)
    (via_drill 0.8)
    (uvia_dia 0.3)
    (uvia_drill 0.1)
    (add_net /w1)
    (add_net /w2)
    (add_net /w3)
    (add_net /w4)
    (add_net /w5)
    (add_net LDO_IN)
  )

  (module Filter:Filter_Murata_BNX025_ThermalVias (layer F.Cu) (tedit 5C40ACC1) (tstamp 5C509B03)
    (at 187 88 270)
    (descr https://www.murata.com/en-us/products/productdata/8796778004510/QNFH9101.pdf?1496719830000)
    (tags "EMI Filter")
    (path /5C4989B7)
    (attr smd)
    (fp_text reference FL102 (at -4.4 -5.65 90) (layer F.SilkS)
      (effects (font (size 1 1) (thickness 0.15)))
    )
    (fp_text value BNX025 (at 0 11.2 270) (layer F.Fab)
      (effects (font (size 1 1) (thickness 0.1)))
    )
    (fp_text user %R (at 0.75 -0.05 270) (layer F.Fab)
      (effects (font (size 1 1) (thickness 0.1)))
    )
    (fp_line (start -6.4 4.75) (end -6.4 3.9) (layer F.SilkS) (width 0.12))
    (fp_line (start 6.4 4.75) (end 6.4 3.95) (layer F.SilkS) (width 0.12))
    (fp_line (start 6.4 -3.85) (end 6.4 -4.85) (layer F.SilkS) (width 0.12))
    (fp_line (start -6.4 -3.65) (end -6.4 -4.85) (layer F.SilkS) (width 0.12))
    (fp_line (start -2.25 -4.85) (end -6.4 -4.85) (layer F.SilkS) (width 0.12))
    (fp_line (start 6.4 -4.85) (end 5.4 -4.85) (layer F.SilkS) (width 0.12))
    (fp_line (start 5.4 4.75) (end 6.4 4.75) (layer F.SilkS) (width 0.12))
    (fp_line (start -3.4 4.75) (end -6.4 4.75) (layer F.SilkS) (width 0.12))
    (fp_line (start -5.05 -4.6) (end 6.05 -4.6) (layer F.Fab) (width 0.1))
    (fp_line (start 6.05 -4.6) (end 6.05 4.5) (layer F.Fab) (width 0.1))
    (fp_line (start 6.05 4.5) (end -6.05 4.5) (layer F.Fab) (width 0.1))
    (fp_line (start -6.05 4.5) (end -6.05 -3.6) (layer F.Fab) (width 0.1))
    (fp_line (start -6.4 -3.65) (end -8.6 -3.65) (layer F.SilkS) (width 0.12))
    (fp_line (start -5.05 -4.6) (end -6.05 -3.6) (layer F.Fab) (width 0.1))
    (fp_line (start -9 -6.55) (end 9 -6.55) (layer F.CrtYd) (width 0.05))
    (fp_line (start -9 -6.55) (end -9 6.45) (layer F.CrtYd) (width 0.05))
    (fp_line (start 9 6.45) (end 9 -6.55) (layer F.CrtYd) (width 0.05))
    (fp_line (start 9 6.45) (end -9 6.45) (layer F.CrtYd) (width 0.05))
    (fp_line (start 1.3 -4.85) (end -0.3 -4.85) (layer F.SilkS) (width 0.12))
    (pad 1 smd rect (at -6.85 -2.15 270) (size 3.8 2.5) (layers F.Cu F.Paste F.Mask)
      (net 40 /w3))
    (pad 3 smd rect (at -6.85 2.15 270) (size 3.8 2.5) (layers F.Cu F.Paste F.Mask)
      (net 39 /w5))
    (pad 2 smd rect (at 6.85 -2.15 270) (size 3.8 2.5) (layers F.Cu F.Paste F.Mask)
      (net 30 LDO_IN) (clearance 0.5))
    (pad 4 smd rect (at 6.85 2.15 270) (size 3.8 2.5) (layers F.Cu F.Paste F.Mask)
      (net 6 GND) (zone_connect 2))
    (pad 4 smd rect (at 1 5.05 270) (size 7.9 2.3) (layers F.Cu F.Paste F.Mask)
      (net 6 GND) (zone_connect 2))
    (pad 4 smd rect (at 3.25 -5.15 270) (size 3.4 2.3) (layers F.Cu F.Paste F.Mask)
      (net 6 GND) (zone_connect 2))
    (pad 4 thru_hole circle (at 3.25 5.05 270) (size 1.524 1.524) (drill 0.8) (layers *.Cu)
      (net 6 GND) (zone_connect 2))
    (pad 4 thru_hole circle (at 3.25 -5.15 270) (size 1.524 1.524) (drill 0.8) (layers *.Cu)
      (net 6 GND) (zone_connect 2))
    (pad 4 thru_hole circle (at 3.25 0 270) (size 1.524 1.524) (drill 0.8) (layers *.Cu)
      (net 6 GND) (zone_connect 2))
    (pad 4 thru_hole circle (at -1.25 5.05 270) (size 1.524 1.524) (drill 0.8) (layers *.Cu)
      (net 6 GND) (zone_connect 2))
    (pad 4 thru_hole circle (at -1.25 0 270) (size 1.524 1.524) (drill 0.8) (layers *.Cu)
      (net 6 GND) (zone_connect 2))
    (pad 4 thru_hole circle (at -1.25 -5.15 270) (size 1.524 1.524) (drill 0.8) (layers *.Cu)
      (net 6 GND) (zone_connect 2))
    (pad 4 thru_hole circle (at 7.75 5.05 270) (size 1.524 1.524) (drill 0.8) (layers *.Cu)
      (net 6 GND) (zone_connect 2))
    (pad 4 thru_hole circle (at -1.25 -9.65 270) (size 1.524 1.524) (drill 0.8) (layers *.Cu)
      (net 6 GND) (zone_connect 2))
    (pad 4 thru_hole circle (at 3 -9.65 270) (size 1.524 1.524) (drill 0.8) (layers *.Cu)
      (net 6 GND) (zone_connect 2))
    (pad 4 thru_hole circle (at 3.25 9.55 270) (size 1.524 1.524) (drill 0.8) (layers *.Cu)
      (net 6 GND) (zone_connect 2))
    (pad 4 thru_hole circle (at -1.25 9.55 270) (size 1.524 1.524) (drill 0.8) (layers *.Cu)
      (net 6 GND) (zone_connect 2))
    (pad 4 smd rect (at 3.25 5.25 270) (size 14 10.5) (layers F.Cu)
      (net 6 GND) (zone_connect 2))
    (pad 4 smd rect (at 0.35 -5.3 270) (size 8.2 10.6) (layers F.Cu)
      (net 6 GND) (zone_connect 2))
    (model ${KISYS3DMOD}/Filter.3dshapes/Filter_Murata_BNX025.wrl
      (at (xyz 0 0 0))
      (scale (xyz 1 1 1))
      (rotate (xyz 0 0 0))
    )
  )

  (module Button_Switch_SMD:SW_DIP_SPSTx03_Slide_6.7x9.18mm_W8.61mm_P2.54mm_LowProfile (layer F.Cu) (tedit 5A4E1404) (tstamp 5C501E12)
    (at 131 96 180)
    (descr "SMD 3x-dip-switch SPST , Slide, row spacing 8.61 mm (338 mils), body size 6.7x9.18mm (see e.g. https://www.ctscorp.com/wp-content/uploads/219.pdf), SMD, LowProfile")
    (tags "SMD DIP Switch SPST Slide 8.61mm 338mil SMD LowProfile")
    (path /5B3F8149)
    (attr smd)
    (fp_text reference SW101 (at -6 -4 180) (layer F.SilkS)
      (effects (font (size 1 1) (thickness 0.15)))
    )
    (fp_text value SW_DIP_x03 (at 0 5.65 180) (layer F.Fab)
      (effects (font (size 1 1) (thickness 0.15)))
    )
    (fp_line (start -2.35 -4.59) (end 3.35 -4.59) (layer F.Fab) (width 0.1))
    (fp_line (start 3.35 -4.59) (end 3.35 4.59) (layer F.Fab) (width 0.1))
    (fp_line (start 3.35 4.59) (end -3.35 4.59) (layer F.Fab) (width 0.1))
    (fp_line (start -3.35 4.59) (end -3.35 -3.59) (layer F.Fab) (width 0.1))
    (fp_line (start -3.35 -3.59) (end -2.35 -4.59) (layer F.Fab) (width 0.1))
    (fp_line (start -1.81 -3.175) (end -1.81 -1.905) (layer F.Fab) (width 0.1))
    (fp_line (start -1.81 -1.905) (end 1.81 -1.905) (layer F.Fab) (width 0.1))
    (fp_line (start 1.81 -1.905) (end 1.81 -3.175) (layer F.Fab) (width 0.1))
    (fp_line (start 1.81 -3.175) (end -1.81 -3.175) (layer F.Fab) (width 0.1))
    (fp_line (start -1.81 -3.075) (end -0.603333 -3.075) (layer F.Fab) (width 0.1))
    (fp_line (start -1.81 -2.975) (end -0.603333 -2.975) (layer F.Fab) (width 0.1))
    (fp_line (start -1.81 -2.875) (end -0.603333 -2.875) (layer F.Fab) (width 0.1))
    (fp_line (start -1.81 -2.775) (end -0.603333 -2.775) (layer F.Fab) (width 0.1))
    (fp_line (start -1.81 -2.675) (end -0.603333 -2.675) (layer F.Fab) (width 0.1))
    (fp_line (start -1.81 -2.575) (end -0.603333 -2.575) (layer F.Fab) (width 0.1))
    (fp_line (start -1.81 -2.475) (end -0.603333 -2.475) (layer F.Fab) (width 0.1))
    (fp_line (start -1.81 -2.375) (end -0.603333 -2.375) (layer F.Fab) (width 0.1))
    (fp_line (start -1.81 -2.275) (end -0.603333 -2.275) (layer F.Fab) (width 0.1))
    (fp_line (start -1.81 -2.175) (end -0.603333 -2.175) (layer F.Fab) (width 0.1))
    (fp_line (start -1.81 -2.075) (end -0.603333 -2.075) (layer F.Fab) (width 0.1))
    (fp_line (start -1.81 -1.975) (end -0.603333 -1.975) (layer F.Fab) (width 0.1))
    (fp_line (start -0.603333 -3.175) (end -0.603333 -1.905) (layer F.Fab) (width 0.1))
    (fp_line (start -1.81 -0.635) (end -1.81 0.635) (layer F.Fab) (width 0.1))
    (fp_line (start -1.81 0.635) (end 1.81 0.635) (layer F.Fab) (width 0.1))
    (fp_line (start 1.81 0.635) (end 1.81 -0.635) (layer F.Fab) (width 0.1))
    (fp_line (start 1.81 -0.635) (end -1.81 -0.635) (layer F.Fab) (width 0.1))
    (fp_line (start -1.81 -0.535) (end -0.603333 -0.535) (layer F.Fab) (width 0.1))
    (fp_line (start -1.81 -0.435) (end -0.603333 -0.435) (layer F.Fab) (width 0.1))
    (fp_line (start -1.81 -0.335) (end -0.603333 -0.335) (layer F.Fab) (width 0.1))
    (fp_line (start -1.81 -0.235) (end -0.603333 -0.235) (layer F.Fab) (width 0.1))
    (fp_line (start -1.81 -0.135) (end -0.603333 -0.135) (layer F.Fab) (width 0.1))
    (fp_line (start -1.81 -0.035) (end -0.603333 -0.035) (layer F.Fab) (width 0.1))
    (fp_line (start -1.81 0.065) (end -0.603333 0.065) (layer F.Fab) (width 0.1))
    (fp_line (start -1.81 0.165) (end -0.603333 0.165) (layer F.Fab) (width 0.1))
    (fp_line (start -1.81 0.265) (end -0.603333 0.265) (layer F.Fab) (width 0.1))
    (fp_line (start -1.81 0.365) (end -0.603333 0.365) (layer F.Fab) (width 0.1))
    (fp_line (start -1.81 0.465) (end -0.603333 0.465) (layer F.Fab) (width 0.1))
    (fp_line (start -1.81 0.565) (end -0.603333 0.565) (layer F.Fab) (width 0.1))
    (fp_line (start -0.603333 -0.635) (end -0.603333 0.635) (layer F.Fab) (width 0.1))
    (fp_line (start -1.81 1.905) (end -1.81 3.175) (layer F.Fab) (width 0.1))
    (fp_line (start -1.81 3.175) (end 1.81 3.175) (layer F.Fab) (width 0.1))
    (fp_line (start 1.81 3.175) (end 1.81 1.905) (layer F.Fab) (width 0.1))
    (fp_line (start 1.81 1.905) (end -1.81 1.905) (layer F.Fab) (width 0.1))
    (fp_line (start -1.81 2.005) (end -0.603333 2.005) (layer F.Fab) (width 0.1))
    (fp_line (start -1.81 2.105) (end -0.603333 2.105) (layer F.Fab) (width 0.1))
    (fp_line (start -1.81 2.205) (end -0.603333 2.205) (layer F.Fab) (width 0.1))
    (fp_line (start -1.81 2.305) (end -0.603333 2.305) (layer F.Fab) (width 0.1))
    (fp_line (start -1.81 2.405) (end -0.603333 2.405) (layer F.Fab) (width 0.1))
    (fp_line (start -1.81 2.505) (end -0.603333 2.505) (layer F.Fab) (width 0.1))
    (fp_line (start -1.81 2.605) (end -0.603333 2.605) (layer F.Fab) (width 0.1))
    (fp_line (start -1.81 2.705) (end -0.603333 2.705) (layer F.Fab) (width 0.1))
    (fp_line (start -1.81 2.805) (end -0.603333 2.805) (layer F.Fab) (width 0.1))
    (fp_line (start -1.81 2.905) (end -0.603333 2.905) (layer F.Fab) (width 0.1))
    (fp_line (start -1.81 3.005) (end -0.603333 3.005) (layer F.Fab) (width 0.1))
    (fp_line (start -1.81 3.105) (end -0.603333 3.105) (layer F.Fab) (width 0.1))
    (fp_line (start -0.603333 1.905) (end -0.603333 3.175) (layer F.Fab) (width 0.1))
    (fp_line (start -3.41 -4.65) (end 3.41 -4.65) (layer F.SilkS) (width 0.12))
    (fp_line (start -3.41 4.65) (end 3.41 4.65) (layer F.SilkS) (width 0.12))
    (fp_line (start -3.41 -4.65) (end -3.41 -3.34) (layer F.SilkS) (width 0.12))
    (fp_line (start -3.41 -1.74) (end -3.41 -0.8) (layer F.SilkS) (width 0.12))
    (fp_line (start -3.41 0.8) (end -3.41 1.74) (layer F.SilkS) (width 0.12))
    (fp_line (start -3.41 3.34) (end -3.41 4.65) (layer F.SilkS) (width 0.12))
    (fp_line (start 3.41 3.34) (end 3.41 4.65) (layer F.SilkS) (width 0.12))
    (fp_line (start 3.41 0.8) (end 3.41 1.74) (layer F.SilkS) (width 0.12))
    (fp_line (start 3.41 -4.65) (end 3.41 -3.34) (layer F.SilkS) (width 0.12))
    (fp_line (start 3.41 -1.74) (end 3.41 -0.8) (layer F.SilkS) (width 0.12))
    (fp_line (start -3.65 -4.89) (end -2.267 -4.89) (layer F.SilkS) (width 0.12))
    (fp_line (start -3.65 -4.89) (end -3.65 -3.507) (layer F.SilkS) (width 0.12))
    (fp_line (start -1.81 -3.175) (end -1.81 -1.905) (layer F.SilkS) (width 0.12))
    (fp_line (start -1.81 -1.905) (end 1.81 -1.905) (layer F.SilkS) (width 0.12))
    (fp_line (start 1.81 -1.905) (end 1.81 -3.175) (layer F.SilkS) (width 0.12))
    (fp_line (start 1.81 -3.175) (end -1.81 -3.175) (layer F.SilkS) (width 0.12))
    (fp_line (start -1.81 -3.055) (end -0.603333 -3.055) (layer F.SilkS) (width 0.12))
    (fp_line (start -1.81 -2.935) (end -0.603333 -2.935) (layer F.SilkS) (width 0.12))
    (fp_line (start -1.81 -2.815) (end -0.603333 -2.815) (layer F.SilkS) (width 0.12))
    (fp_line (start -1.81 -2.695) (end -0.603333 -2.695) (layer F.SilkS) (width 0.12))
    (fp_line (start -1.81 -2.575) (end -0.603333 -2.575) (layer F.SilkS) (width 0.12))
    (fp_line (start -1.81 -2.455) (end -0.603333 -2.455) (layer F.SilkS) (width 0.12))
    (fp_line (start -1.81 -2.335) (end -0.603333 -2.335) (layer F.SilkS) (width 0.12))
    (fp_line (start -1.81 -2.215) (end -0.603333 -2.215) (layer F.SilkS) (width 0.12))
    (fp_line (start -1.81 -2.095) (end -0.603333 -2.095) (layer F.SilkS) (width 0.12))
    (fp_line (start -1.81 -1.975) (end -0.603333 -1.975) (layer F.SilkS) (width 0.12))
    (fp_line (start -0.603333 -3.175) (end -0.603333 -1.905) (layer F.SilkS) (width 0.12))
    (fp_line (start -1.81 -0.635) (end -1.81 0.635) (layer F.SilkS) (width 0.12))
    (fp_line (start -1.81 0.635) (end 1.81 0.635) (layer F.SilkS) (width 0.12))
    (fp_line (start 1.81 0.635) (end 1.81 -0.635) (layer F.SilkS) (width 0.12))
    (fp_line (start 1.81 -0.635) (end -1.81 -0.635) (layer F.SilkS) (width 0.12))
    (fp_line (start -1.81 -0.515) (end -0.603333 -0.515) (layer F.SilkS) (width 0.12))
    (fp_line (start -1.81 -0.395) (end -0.603333 -0.395) (layer F.SilkS) (width 0.12))
    (fp_line (start -1.81 -0.275) (end -0.603333 -0.275) (layer F.SilkS) (width 0.12))
    (fp_line (start -1.81 -0.155) (end -0.603333 -0.155) (layer F.SilkS) (width 0.12))
    (fp_line (start -1.81 -0.035) (end -0.603333 -0.035) (layer F.SilkS) (width 0.12))
    (fp_line (start -1.81 0.085) (end -0.603333 0.085) (layer F.SilkS) (width 0.12))
    (fp_line (start -1.81 0.205) (end -0.603333 0.205) (layer F.SilkS) (width 0.12))
    (fp_line (start -1.81 0.325) (end -0.603333 0.325) (layer F.SilkS) (width 0.12))
    (fp_line (start -1.81 0.445) (end -0.603333 0.445) (layer F.SilkS) (width 0.12))
    (fp_line (start -1.81 0.565) (end -0.603333 0.565) (layer F.SilkS) (width 0.12))
    (fp_line (start -0.603333 -0.635) (end -0.603333 0.635) (layer F.SilkS) (width 0.12))
    (fp_line (start -1.81 1.905) (end -1.81 3.175) (layer F.SilkS) (width 0.12))
    (fp_line (start -1.81 3.175) (end 1.81 3.175) (layer F.SilkS) (width 0.12))
    (fp_line (start 1.81 3.175) (end 1.81 1.905) (layer F.SilkS) (width 0.12))
    (fp_line (start 1.81 1.905) (end -1.81 1.905) (layer F.SilkS) (width 0.12))
    (fp_line (start -1.81 2.025) (end -0.603333 2.025) (layer F.SilkS) (width 0.12))
    (fp_line (start -1.81 2.145) (end -0.603333 2.145) (layer F.SilkS) (width 0.12))
    (fp_line (start -1.81 2.265) (end -0.603333 2.265) (layer F.SilkS) (width 0.12))
    (fp_line (start -1.81 2.385) (end -0.603333 2.385) (layer F.SilkS) (width 0.12))
    (fp_line (start -1.81 2.505) (end -0.603333 2.505) (layer F.SilkS) (width 0.12))
    (fp_line (start -1.81 2.625) (end -0.603333 2.625) (layer F.SilkS) (width 0.12))
    (fp_line (start -1.81 2.745) (end -0.603333 2.745) (layer F.SilkS) (width 0.12))
    (fp_line (start -1.81 2.865) (end -0.603333 2.865) (layer F.SilkS) (width 0.12))
    (fp_line (start -1.81 2.985) (end -0.603333 2.985) (layer F.SilkS) (width 0.12))
    (fp_line (start -1.81 3.105) (end -0.603333 3.105) (layer F.SilkS) (width 0.12))
    (fp_line (start -0.603333 1.905) (end -0.603333 3.175) (layer F.SilkS) (width 0.12))
    (fp_line (start -5.8 -4.9) (end -5.8 4.9) (layer F.CrtYd) (width 0.05))
    (fp_line (start -5.8 4.9) (end 5.8 4.9) (layer F.CrtYd) (width 0.05))
    (fp_line (start 5.8 4.9) (end 5.8 -4.9) (layer F.CrtYd) (width 0.05))
    (fp_line (start 5.8 -4.9) (end -5.8 -4.9) (layer F.CrtYd) (width 0.05))
    (fp_text user %R (at 2.58 0 270) (layer F.Fab)
      (effects (font (size 0.8 0.8) (thickness 0.12)))
    )
    (fp_text user on (at 0.4275 -3.8825 180) (layer F.Fab)
      (effects (font (size 0.8 0.8) (thickness 0.12)))
    )
    (pad 1 smd rect (at -4.305 -2.54 180) (size 2.44 1.12) (layers F.Cu F.Paste F.Mask)
      (net 5 MCLR))
    (pad 4 smd rect (at 4.305 2.54 180) (size 2.44 1.12) (layers F.Cu F.Paste F.Mask)
      (net 6 GND))
    (pad 2 smd rect (at -4.305 0 180) (size 2.44 1.12) (layers F.Cu F.Paste F.Mask)
      (net 43 /B))
    (pad 5 smd rect (at 4.305 0 180) (size 2.44 1.12) (layers F.Cu F.Paste F.Mask)
      (net 6 GND))
    (pad 3 smd rect (at -4.305 2.54 180) (size 2.44 1.12) (layers F.Cu F.Paste F.Mask)
      (net 44 /A))
    (pad 6 smd rect (at 4.305 -2.54 180) (size 2.44 1.12) (layers F.Cu F.Paste F.Mask)
      (net 6 GND))
    (model ${KISYS3DMOD}/Button_Switch_SMD.3dshapes/SW_DIP_SPSTx03_Slide_6.7x9.18mm_W8.61mm_P2.54mm_LowProfile.wrl
      (at (xyz 0 0 0))
      (scale (xyz 1 1 1))
      (rotate (xyz 0 0 90))
    )
  )

  (module Capacitor_SMD:C_0805_2012Metric (layer F.Cu) (tedit 5B36C52B) (tstamp 5C501E02)
    (at 171 133)
    (descr "Capacitor SMD 0805 (2012 Metric), square (rectangular) end terminal, IPC_7351 nominal, (Body size source: https://docs.google.com/spreadsheets/d/1BsfQQcO9C6DZCsRaXUlFlo91Tg2WpOkGARC1WS5S8t0/edit?usp=sharing), generated with kicad-footprint-generator")
    (tags capacitor)
    (path /5B3DA182)
    (attr smd)
    (fp_text reference C3 (at 0 -1.65) (layer F.SilkS)
      (effects (font (size 1 1) (thickness 0.15)))
    )
    (fp_text value C (at 0 1.65) (layer F.Fab)
      (effects (font (size 1 1) (thickness 0.15)))
    )
    (fp_line (start -1 0.6) (end -1 -0.6) (layer F.Fab) (width 0.1))
    (fp_line (start -1 -0.6) (end 1 -0.6) (layer F.Fab) (width 0.1))
    (fp_line (start 1 -0.6) (end 1 0.6) (layer F.Fab) (width 0.1))
    (fp_line (start 1 0.6) (end -1 0.6) (layer F.Fab) (width 0.1))
    (fp_line (start -0.258578 -0.71) (end 0.258578 -0.71) (layer F.SilkS) (width 0.12))
    (fp_line (start -0.258578 0.71) (end 0.258578 0.71) (layer F.SilkS) (width 0.12))
    (fp_line (start -1.68 0.95) (end -1.68 -0.95) (layer F.CrtYd) (width 0.05))
    (fp_line (start -1.68 -0.95) (end 1.68 -0.95) (layer F.CrtYd) (width 0.05))
    (fp_line (start 1.68 -0.95) (end 1.68 0.95) (layer F.CrtYd) (width 0.05))
    (fp_line (start 1.68 0.95) (end -1.68 0.95) (layer F.CrtYd) (width 0.05))
    (fp_text user %R (at 0 0) (layer F.Fab)
      (effects (font (size 0.5 0.5) (thickness 0.08)))
    )
    (pad 1 smd roundrect (at -0.9375 0) (size 0.975 1.4) (layers F.Cu F.Paste F.Mask) (roundrect_rratio 0.25)
      (net 25 "Net-(C3-Pad1)"))
    (pad 2 smd roundrect (at 0.9375 0) (size 0.975 1.4) (layers F.Cu F.Paste F.Mask) (roundrect_rratio 0.25)
      (net 6 GND))
    (model ${KISYS3DMOD}/Capacitor_SMD.3dshapes/C_0805_2012Metric.wrl
      (at (xyz 0 0 0))
      (scale (xyz 1 1 1))
      (rotate (xyz 0 0 0))
    )
  )

  (module Capacitor_SMD:C_0805_2012Metric (layer F.Cu) (tedit 5B36C52B) (tstamp 5C501DF2)
    (at 170 122)
    (descr "Capacitor SMD 0805 (2012 Metric), square (rectangular) end terminal, IPC_7351 nominal, (Body size source: https://docs.google.com/spreadsheets/d/1BsfQQcO9C6DZCsRaXUlFlo91Tg2WpOkGARC1WS5S8t0/edit?usp=sharing), generated with kicad-footprint-generator")
    (tags capacitor)
    (path /5B3D0A47)
    (attr smd)
    (fp_text reference C4 (at 0 -1.65) (layer F.SilkS)
      (effects (font (size 1 1) (thickness 0.15)))
    )
    (fp_text value 100n (at 0 1.65) (layer F.Fab)
      (effects (font (size 1 1) (thickness 0.15)))
    )
    (fp_text user %R (at 0 0) (layer F.Fab)
      (effects (font (size 0.5 0.5) (thickness 0.08)))
    )
    (fp_line (start 1.68 0.95) (end -1.68 0.95) (layer F.CrtYd) (width 0.05))
    (fp_line (start 1.68 -0.95) (end 1.68 0.95) (layer F.CrtYd) (width 0.05))
    (fp_line (start -1.68 -0.95) (end 1.68 -0.95) (layer F.CrtYd) (width 0.05))
    (fp_line (start -1.68 0.95) (end -1.68 -0.95) (layer F.CrtYd) (width 0.05))
    (fp_line (start -0.258578 0.71) (end 0.258578 0.71) (layer F.SilkS) (width 0.12))
    (fp_line (start -0.258578 -0.71) (end 0.258578 -0.71) (layer F.SilkS) (width 0.12))
    (fp_line (start 1 0.6) (end -1 0.6) (layer F.Fab) (width 0.1))
    (fp_line (start 1 -0.6) (end 1 0.6) (layer F.Fab) (width 0.1))
    (fp_line (start -1 -0.6) (end 1 -0.6) (layer F.Fab) (width 0.1))
    (fp_line (start -1 0.6) (end -1 -0.6) (layer F.Fab) (width 0.1))
    (pad 2 smd roundrect (at 0.9375 0) (size 0.975 1.4) (layers F.Cu F.Paste F.Mask) (roundrect_rratio 0.25)
      (net 6 GND))
    (pad 1 smd roundrect (at -0.9375 0) (size 0.975 1.4) (layers F.Cu F.Paste F.Mask) (roundrect_rratio 0.25)
      (net 7 "Net-(C4-Pad1)"))
    (model ${KISYS3DMOD}/Capacitor_SMD.3dshapes/C_0805_2012Metric.wrl
      (at (xyz 0 0 0))
      (scale (xyz 1 1 1))
      (rotate (xyz 0 0 0))
    )
  )

  (module Capacitor_SMD:C_0805_2012Metric (layer F.Cu) (tedit 5B36C52B) (tstamp 5C501DE2)
    (at 170 120)
    (descr "Capacitor SMD 0805 (2012 Metric), square (rectangular) end terminal, IPC_7351 nominal, (Body size source: https://docs.google.com/spreadsheets/d/1BsfQQcO9C6DZCsRaXUlFlo91Tg2WpOkGARC1WS5S8t0/edit?usp=sharing), generated with kicad-footprint-generator")
    (tags capacitor)
    (path /5B3D0A7A)
    (attr smd)
    (fp_text reference C5 (at 0 -1.65) (layer F.SilkS)
      (effects (font (size 1 1) (thickness 0.15)))
    )
    (fp_text value 10u (at 0 1.65) (layer F.Fab)
      (effects (font (size 1 1) (thickness 0.15)))
    )
    (fp_line (start -1 0.6) (end -1 -0.6) (layer F.Fab) (width 0.1))
    (fp_line (start -1 -0.6) (end 1 -0.6) (layer F.Fab) (width 0.1))
    (fp_line (start 1 -0.6) (end 1 0.6) (layer F.Fab) (width 0.1))
    (fp_line (start 1 0.6) (end -1 0.6) (layer F.Fab) (width 0.1))
    (fp_line (start -0.258578 -0.71) (end 0.258578 -0.71) (layer F.SilkS) (width 0.12))
    (fp_line (start -0.258578 0.71) (end 0.258578 0.71) (layer F.SilkS) (width 0.12))
    (fp_line (start -1.68 0.95) (end -1.68 -0.95) (layer F.CrtYd) (width 0.05))
    (fp_line (start -1.68 -0.95) (end 1.68 -0.95) (layer F.CrtYd) (width 0.05))
    (fp_line (start 1.68 -0.95) (end 1.68 0.95) (layer F.CrtYd) (width 0.05))
    (fp_line (start 1.68 0.95) (end -1.68 0.95) (layer F.CrtYd) (width 0.05))
    (fp_text user %R (at 0 0) (layer F.Fab)
      (effects (font (size 0.5 0.5) (thickness 0.08)))
    )
    (pad 1 smd roundrect (at -0.9375 0) (size 0.975 1.4) (layers F.Cu F.Paste F.Mask) (roundrect_rratio 0.25)
      (net 7 "Net-(C4-Pad1)"))
    (pad 2 smd roundrect (at 0.9375 0) (size 0.975 1.4) (layers F.Cu F.Paste F.Mask) (roundrect_rratio 0.25)
      (net 6 GND))
    (model ${KISYS3DMOD}/Capacitor_SMD.3dshapes/C_0805_2012Metric.wrl
      (at (xyz 0 0 0))
      (scale (xyz 1 1 1))
      (rotate (xyz 0 0 0))
    )
  )

  (module Capacitor_SMD:C_0805_2012Metric (layer F.Cu) (tedit 5B36C52B) (tstamp 5C501DD2)
    (at 174 76 90)
    (descr "Capacitor SMD 0805 (2012 Metric), square (rectangular) end terminal, IPC_7351 nominal, (Body size source: https://docs.google.com/spreadsheets/d/1BsfQQcO9C6DZCsRaXUlFlo91Tg2WpOkGARC1WS5S8t0/edit?usp=sharing), generated with kicad-footprint-generator")
    (tags capacitor)
    (path /5B3D47CF)
    (attr smd)
    (fp_text reference C7 (at -3 0 90) (layer F.SilkS)
      (effects (font (size 1 1) (thickness 0.15)))
    )
    (fp_text value 10u (at 0 1.65 90) (layer F.Fab)
      (effects (font (size 1 1) (thickness 0.15)))
    )
    (fp_text user %R (at 0 0 90) (layer F.Fab)
      (effects (font (size 0.5 0.5) (thickness 0.08)))
    )
    (fp_line (start 1.68 0.95) (end -1.68 0.95) (layer F.CrtYd) (width 0.05))
    (fp_line (start 1.68 -0.95) (end 1.68 0.95) (layer F.CrtYd) (width 0.05))
    (fp_line (start -1.68 -0.95) (end 1.68 -0.95) (layer F.CrtYd) (width 0.05))
    (fp_line (start -1.68 0.95) (end -1.68 -0.95) (layer F.CrtYd) (width 0.05))
    (fp_line (start -0.258578 0.71) (end 0.258578 0.71) (layer F.SilkS) (width 0.12))
    (fp_line (start -0.258578 -0.71) (end 0.258578 -0.71) (layer F.SilkS) (width 0.12))
    (fp_line (start 1 0.6) (end -1 0.6) (layer F.Fab) (width 0.1))
    (fp_line (start 1 -0.6) (end 1 0.6) (layer F.Fab) (width 0.1))
    (fp_line (start -1 -0.6) (end 1 -0.6) (layer F.Fab) (width 0.1))
    (fp_line (start -1 0.6) (end -1 -0.6) (layer F.Fab) (width 0.1))
    (pad 2 smd roundrect (at 0.9375 0 90) (size 0.975 1.4) (layers F.Cu F.Paste F.Mask) (roundrect_rratio 0.25)
      (net 8 +6V))
    (pad 1 smd roundrect (at -0.9375 0 90) (size 0.975 1.4) (layers F.Cu F.Paste F.Mask) (roundrect_rratio 0.25)
      (net 6 GND))
    (model ${KISYS3DMOD}/Capacitor_SMD.3dshapes/C_0805_2012Metric.wrl
      (at (xyz 0 0 0))
      (scale (xyz 1 1 1))
      (rotate (xyz 0 0 0))
    )
  )

  (module Capacitor_SMD:C_0805_2012Metric (layer F.Cu) (tedit 5B36C52B) (tstamp 5C501DC2)
    (at 144 67 180)
    (descr "Capacitor SMD 0805 (2012 Metric), square (rectangular) end terminal, IPC_7351 nominal, (Body size source: https://docs.google.com/spreadsheets/d/1BsfQQcO9C6DZCsRaXUlFlo91Tg2WpOkGARC1WS5S8t0/edit?usp=sharing), generated with kicad-footprint-generator")
    (tags capacitor)
    (path /5B3D170F)
    (attr smd)
    (fp_text reference C1 (at 0 -1.65 180) (layer F.SilkS)
      (effects (font (size 1 1) (thickness 0.15)))
    )
    (fp_text value 10n (at 0 1.65 180) (layer F.Fab)
      (effects (font (size 1 1) (thickness 0.15)))
    )
    (fp_line (start -1 0.6) (end -1 -0.6) (layer F.Fab) (width 0.1))
    (fp_line (start -1 -0.6) (end 1 -0.6) (layer F.Fab) (width 0.1))
    (fp_line (start 1 -0.6) (end 1 0.6) (layer F.Fab) (width 0.1))
    (fp_line (start 1 0.6) (end -1 0.6) (layer F.Fab) (width 0.1))
    (fp_line (start -0.258578 -0.71) (end 0.258578 -0.71) (layer F.SilkS) (width 0.12))
    (fp_line (start -0.258578 0.71) (end 0.258578 0.71) (layer F.SilkS) (width 0.12))
    (fp_line (start -1.68 0.95) (end -1.68 -0.95) (layer F.CrtYd) (width 0.05))
    (fp_line (start -1.68 -0.95) (end 1.68 -0.95) (layer F.CrtYd) (width 0.05))
    (fp_line (start 1.68 -0.95) (end 1.68 0.95) (layer F.CrtYd) (width 0.05))
    (fp_line (start 1.68 0.95) (end -1.68 0.95) (layer F.CrtYd) (width 0.05))
    (fp_text user %R (at 0 0 180) (layer F.Fab)
      (effects (font (size 0.5 0.5) (thickness 0.08)))
    )
    (pad 1 smd roundrect (at -0.9375 0 180) (size 0.975 1.4) (layers F.Cu F.Paste F.Mask) (roundrect_rratio 0.25)
      (net 1 "Net-(C1-Pad1)"))
    (pad 2 smd roundrect (at 0.9375 0 180) (size 0.975 1.4) (layers F.Cu F.Paste F.Mask) (roundrect_rratio 0.25)
      (net 2 "Net-(C1-Pad2)"))
    (model ${KISYS3DMOD}/Capacitor_SMD.3dshapes/C_0805_2012Metric.wrl
      (at (xyz 0 0 0))
      (scale (xyz 1 1 1))
      (rotate (xyz 0 0 0))
    )
  )

  (module Capacitor_SMD:C_0805_2012Metric (layer F.Cu) (tedit 5B36C52B) (tstamp 5C501DB2)
    (at 167 71 90)
    (descr "Capacitor SMD 0805 (2012 Metric), square (rectangular) end terminal, IPC_7351 nominal, (Body size source: https://docs.google.com/spreadsheets/d/1BsfQQcO9C6DZCsRaXUlFlo91Tg2WpOkGARC1WS5S8t0/edit?usp=sharing), generated with kicad-footprint-generator")
    (tags capacitor)
    (path /5B3D4832)
    (attr smd)
    (fp_text reference C9 (at 0 -1.65 90) (layer F.SilkS)
      (effects (font (size 1 1) (thickness 0.15)))
    )
    (fp_text value 10u (at 0 1.65 90) (layer F.Fab)
      (effects (font (size 1 1) (thickness 0.15)))
    )
    (fp_text user %R (at 0 0 90) (layer F.Fab)
      (effects (font (size 0.5 0.5) (thickness 0.08)))
    )
    (fp_line (start 1.68 0.95) (end -1.68 0.95) (layer F.CrtYd) (width 0.05))
    (fp_line (start 1.68 -0.95) (end 1.68 0.95) (layer F.CrtYd) (width 0.05))
    (fp_line (start -1.68 -0.95) (end 1.68 -0.95) (layer F.CrtYd) (width 0.05))
    (fp_line (start -1.68 0.95) (end -1.68 -0.95) (layer F.CrtYd) (width 0.05))
    (fp_line (start -0.258578 0.71) (end 0.258578 0.71) (layer F.SilkS) (width 0.12))
    (fp_line (start -0.258578 -0.71) (end 0.258578 -0.71) (layer F.SilkS) (width 0.12))
    (fp_line (start 1 0.6) (end -1 0.6) (layer F.Fab) (width 0.1))
    (fp_line (start 1 -0.6) (end 1 0.6) (layer F.Fab) (width 0.1))
    (fp_line (start -1 -0.6) (end 1 -0.6) (layer F.Fab) (width 0.1))
    (fp_line (start -1 0.6) (end -1 -0.6) (layer F.Fab) (width 0.1))
    (pad 2 smd roundrect (at 0.9375 0 90) (size 0.975 1.4) (layers F.Cu F.Paste F.Mask) (roundrect_rratio 0.25)
      (net 6 GND))
    (pad 1 smd roundrect (at -0.9375 0 90) (size 0.975 1.4) (layers F.Cu F.Paste F.Mask) (roundrect_rratio 0.25)
      (net 30 LDO_IN))
    (model ${KISYS3DMOD}/Capacitor_SMD.3dshapes/C_0805_2012Metric.wrl
      (at (xyz 0 0 0))
      (scale (xyz 1 1 1))
      (rotate (xyz 0 0 0))
    )
  )

  (module Capacitor_SMD:C_0805_2012Metric (layer F.Cu) (tedit 5B36C52B) (tstamp 5C501DA2)
    (at 138 103)
    (descr "Capacitor SMD 0805 (2012 Metric), square (rectangular) end terminal, IPC_7351 nominal, (Body size source: https://docs.google.com/spreadsheets/d/1BsfQQcO9C6DZCsRaXUlFlo91Tg2WpOkGARC1WS5S8t0/edit?usp=sharing), generated with kicad-footprint-generator")
    (tags capacitor)
    (path /5B3E5CF4)
    (attr smd)
    (fp_text reference C10 (at 3.5 -0.5) (layer F.SilkS)
      (effects (font (size 1 1) (thickness 0.15)))
    )
    (fp_text value C (at 0 1.65) (layer F.Fab)
      (effects (font (size 1 1) (thickness 0.15)))
    )
    (fp_line (start -1 0.6) (end -1 -0.6) (layer F.Fab) (width 0.1))
    (fp_line (start -1 -0.6) (end 1 -0.6) (layer F.Fab) (width 0.1))
    (fp_line (start 1 -0.6) (end 1 0.6) (layer F.Fab) (width 0.1))
    (fp_line (start 1 0.6) (end -1 0.6) (layer F.Fab) (width 0.1))
    (fp_line (start -0.258578 -0.71) (end 0.258578 -0.71) (layer F.SilkS) (width 0.12))
    (fp_line (start -0.258578 0.71) (end 0.258578 0.71) (layer F.SilkS) (width 0.12))
    (fp_line (start -1.68 0.95) (end -1.68 -0.95) (layer F.CrtYd) (width 0.05))
    (fp_line (start -1.68 -0.95) (end 1.68 -0.95) (layer F.CrtYd) (width 0.05))
    (fp_line (start 1.68 -0.95) (end 1.68 0.95) (layer F.CrtYd) (width 0.05))
    (fp_line (start 1.68 0.95) (end -1.68 0.95) (layer F.CrtYd) (width 0.05))
    (fp_text user %R (at 0 0) (layer F.Fab)
      (effects (font (size 0.5 0.5) (thickness 0.08)))
    )
    (pad 1 smd roundrect (at -0.9375 0) (size 0.975 1.4) (layers F.Cu F.Paste F.Mask) (roundrect_rratio 0.25)
      (net 27 3V3_OUT))
    (pad 2 smd roundrect (at 0.9375 0) (size 0.975 1.4) (layers F.Cu F.Paste F.Mask) (roundrect_rratio 0.25)
      (net 6 GND))
    (model ${KISYS3DMOD}/Capacitor_SMD.3dshapes/C_0805_2012Metric.wrl
      (at (xyz 0 0 0))
      (scale (xyz 1 1 1))
      (rotate (xyz 0 0 0))
    )
  )

  (module Capacitor_SMD:C_0805_2012Metric (layer F.Cu) (tedit 5B36C52B) (tstamp 5C501D92)
    (at 151 137)
    (descr "Capacitor SMD 0805 (2012 Metric), square (rectangular) end terminal, IPC_7351 nominal, (Body size source: https://docs.google.com/spreadsheets/d/1BsfQQcO9C6DZCsRaXUlFlo91Tg2WpOkGARC1WS5S8t0/edit?usp=sharing), generated with kicad-footprint-generator")
    (tags capacitor)
    (path /5B3DD3CA)
    (attr smd)
    (fp_text reference C12 (at 0 -1.65) (layer F.SilkS)
      (effects (font (size 1 1) (thickness 0.15)))
    )
    (fp_text value 100n (at 0 1.65) (layer F.Fab)
      (effects (font (size 1 1) (thickness 0.15)))
    )
    (fp_text user %R (at 0 0) (layer F.Fab)
      (effects (font (size 0.5 0.5) (thickness 0.08)))
    )
    (fp_line (start 1.68 0.95) (end -1.68 0.95) (layer F.CrtYd) (width 0.05))
    (fp_line (start 1.68 -0.95) (end 1.68 0.95) (layer F.CrtYd) (width 0.05))
    (fp_line (start -1.68 -0.95) (end 1.68 -0.95) (layer F.CrtYd) (width 0.05))
    (fp_line (start -1.68 0.95) (end -1.68 -0.95) (layer F.CrtYd) (width 0.05))
    (fp_line (start -0.258578 0.71) (end 0.258578 0.71) (layer F.SilkS) (width 0.12))
    (fp_line (start -0.258578 -0.71) (end 0.258578 -0.71) (layer F.SilkS) (width 0.12))
    (fp_line (start 1 0.6) (end -1 0.6) (layer F.Fab) (width 0.1))
    (fp_line (start 1 -0.6) (end 1 0.6) (layer F.Fab) (width 0.1))
    (fp_line (start -1 -0.6) (end 1 -0.6) (layer F.Fab) (width 0.1))
    (fp_line (start -1 0.6) (end -1 -0.6) (layer F.Fab) (width 0.1))
    (pad 2 smd roundrect (at 0.9375 0) (size 0.975 1.4) (layers F.Cu F.Paste F.Mask) (roundrect_rratio 0.25)
      (net 6 GND))
    (pad 1 smd roundrect (at -0.9375 0) (size 0.975 1.4) (layers F.Cu F.Paste F.Mask) (roundrect_rratio 0.25)
      (net 31 /U6_3V3))
    (model ${KISYS3DMOD}/Capacitor_SMD.3dshapes/C_0805_2012Metric.wrl
      (at (xyz 0 0 0))
      (scale (xyz 1 1 1))
      (rotate (xyz 0 0 0))
    )
  )

  (module Capacitor_SMD:C_0805_2012Metric (layer F.Cu) (tedit 5B36C52B) (tstamp 5C501D82)
    (at 160 64 90)
    (descr "Capacitor SMD 0805 (2012 Metric), square (rectangular) end terminal, IPC_7351 nominal, (Body size source: https://docs.google.com/spreadsheets/d/1BsfQQcO9C6DZCsRaXUlFlo91Tg2WpOkGARC1WS5S8t0/edit?usp=sharing), generated with kicad-footprint-generator")
    (tags capacitor)
    (path /5B892569)
    (attr smd)
    (fp_text reference C13 (at 4 0 90) (layer F.SilkS)
      (effects (font (size 1 1) (thickness 0.15)))
    )
    (fp_text value 10n (at 0 1.65 90) (layer F.Fab)
      (effects (font (size 1 1) (thickness 0.15)))
    )
    (fp_line (start -1 0.6) (end -1 -0.6) (layer F.Fab) (width 0.1))
    (fp_line (start -1 -0.6) (end 1 -0.6) (layer F.Fab) (width 0.1))
    (fp_line (start 1 -0.6) (end 1 0.6) (layer F.Fab) (width 0.1))
    (fp_line (start 1 0.6) (end -1 0.6) (layer F.Fab) (width 0.1))
    (fp_line (start -0.258578 -0.71) (end 0.258578 -0.71) (layer F.SilkS) (width 0.12))
    (fp_line (start -0.258578 0.71) (end 0.258578 0.71) (layer F.SilkS) (width 0.12))
    (fp_line (start -1.68 0.95) (end -1.68 -0.95) (layer F.CrtYd) (width 0.05))
    (fp_line (start -1.68 -0.95) (end 1.68 -0.95) (layer F.CrtYd) (width 0.05))
    (fp_line (start 1.68 -0.95) (end 1.68 0.95) (layer F.CrtYd) (width 0.05))
    (fp_line (start 1.68 0.95) (end -1.68 0.95) (layer F.CrtYd) (width 0.05))
    (fp_text user %R (at 0 0 90) (layer F.Fab)
      (effects (font (size 0.5 0.5) (thickness 0.08)))
    )
    (pad 1 smd roundrect (at -0.9375 0 90) (size 0.975 1.4) (layers F.Cu F.Paste F.Mask) (roundrect_rratio 0.25)
      (net 24 "Net-(C13-Pad1)"))
    (pad 2 smd roundrect (at 0.9375 0 90) (size 0.975 1.4) (layers F.Cu F.Paste F.Mask) (roundrect_rratio 0.25)
      (net 6 GND))
    (model ${KISYS3DMOD}/Capacitor_SMD.3dshapes/C_0805_2012Metric.wrl
      (at (xyz 0 0 0))
      (scale (xyz 1 1 1))
      (rotate (xyz 0 0 0))
    )
  )

  (module Capacitor_SMD:C_0805_2012Metric (layer F.Cu) (tedit 5B36C52B) (tstamp 5C501D72)
    (at 147 137 180)
    (descr "Capacitor SMD 0805 (2012 Metric), square (rectangular) end terminal, IPC_7351 nominal, (Body size source: https://docs.google.com/spreadsheets/d/1BsfQQcO9C6DZCsRaXUlFlo91Tg2WpOkGARC1WS5S8t0/edit?usp=sharing), generated with kicad-footprint-generator")
    (tags capacitor)
    (path /5B3DD3D0)
    (attr smd)
    (fp_text reference C17 (at 0 -1.65 180) (layer F.SilkS)
      (effects (font (size 1 1) (thickness 0.15)))
    )
    (fp_text value 100n (at 0 1.65 180) (layer F.Fab)
      (effects (font (size 1 1) (thickness 0.15)))
    )
    (fp_text user %R (at 0 0 180) (layer F.Fab)
      (effects (font (size 0.5 0.5) (thickness 0.08)))
    )
    (fp_line (start 1.68 0.95) (end -1.68 0.95) (layer F.CrtYd) (width 0.05))
    (fp_line (start 1.68 -0.95) (end 1.68 0.95) (layer F.CrtYd) (width 0.05))
    (fp_line (start -1.68 -0.95) (end 1.68 -0.95) (layer F.CrtYd) (width 0.05))
    (fp_line (start -1.68 0.95) (end -1.68 -0.95) (layer F.CrtYd) (width 0.05))
    (fp_line (start -0.258578 0.71) (end 0.258578 0.71) (layer F.SilkS) (width 0.12))
    (fp_line (start -0.258578 -0.71) (end 0.258578 -0.71) (layer F.SilkS) (width 0.12))
    (fp_line (start 1 0.6) (end -1 0.6) (layer F.Fab) (width 0.1))
    (fp_line (start 1 -0.6) (end 1 0.6) (layer F.Fab) (width 0.1))
    (fp_line (start -1 -0.6) (end 1 -0.6) (layer F.Fab) (width 0.1))
    (fp_line (start -1 0.6) (end -1 -0.6) (layer F.Fab) (width 0.1))
    (pad 2 smd roundrect (at 0.9375 0 180) (size 0.975 1.4) (layers F.Cu F.Paste F.Mask) (roundrect_rratio 0.25)
      (net 6 GND))
